Using computer(watching video and occasionally using phone)
Epoch, TOF_1, TOF_2, TOF_3, Accel, Yaw, Pitch, LDR 
1592921754,130,132,4,9,108,91,47
1592921755,92,89,2,10,107,90,44
1592921757,72,70,3,9,104,1,25
1592921758,64,72,55,10,90,3,26
1592921760,78,73,34,10,103,90,46
1592921761,81,76,18,9,105,92,36
1592921763,79,68,21,9,106,92,38
1592921764,79,65,23,9,101,93,29
1592921766,36,23,21,9,1,94,23
1592921767,24,23,21,9,90,94,25
1592921769,59,66,25,9,101,92,41
1592921770,44,23,23,10,93,94,24
1592921772,26,33,24,9,96,92,33
1592921773,27,29,1,10,97,96,34
1592921775,28,33,1,10,99,97,37
1592921776,29,36,34,9,99,96,32
1592921778,28,36,54,9,98,95,32
1592921779,31,55,84,9,100,99,38
1592921781,43,64,74,9,102,99,37
1592921782,78,74,75,10,101,100,33
1592921784,88,85,87,10,105,90,52
1592921785,87,84,86,9,108,3,55
1592921787,89,85,66,9,108,2,58
1592921788,91,87,87,9,108,90,63
1592921790,91,86,89,9,107,90,64
1592921791,93,88,71,10,106,90,58
1592921793,94,89,52,10,107,90,49
1592921794,92,87,91,10,107,92,49
1592921796,93,89,91,10,107,92,48
1592921797,42,43,92,10,104,93,51
1592921799,22,21,80,9,104,94,46
1592921800,37,23,23,10,90,93,29
1592921802,28,24,25,9,93,94,33
1592921803,91,82,90,9,100,95,52
1592921805,100,100,102,9,107,95,47
1592921806,96,99,99,9,103,94,45
1592921808,68,79,69,9,96,98,29
1592921809,59,48,38,10,5,100,26
1592921811,80,90,63,9,98,99,36
1592921812,95,99,99,9,103,96,42
1592921814,95,99,100,9,102,98,42
1592921815,101,101,103,9,106,99,62
1592921817,97,96,97,9,106,98,51
1592921818,95,91,93,10,110,102,58
1592921820,95,91,94,10,107,99,55
1592921821,94,90,92,9,108,1,59
1592921823,91,88,90,9,109,8,63
1592921824,97,93,96,9,107,3,62
1592921826,96,92,95,9,108,2,66
1592921827,97,92,96,10,106,2,66
1592921829,97,93,95,10,106,1,65
1592921830,98,94,97,9,105,1,49
1592921832,100,98,102,9,103,90,61
1592921833,75,85,71,9,99,1,44
1592921835,62,49,49,9,98,90,41
1592921836,55,44,54,9,97,90,43
1592921838,53,48,54,9,97,90,38
1592921839,40,40,42,10,1,90,31
1592921841,48,44,45,9,91,90,35
1592921842,49,46,47,10,93,90,35
1592921844,49,46,47,9,93,90,35
1592921845,48,46,47,9,93,90,35
1592921847,50,46,46,9,93,90,35
1592921848,50,46,46,9,93,90,35
1592921850,50,45,45,10,93,90,35
1592921851,50,46,46,9,93,90,35
1592921853,50,45,46,9,93,90,35
1592921854,45,44,47,9,92,90,34
1592921856,59,59,58,9,94,91,51
1592921857,95,91,94,9,108,90,69
1592921859,96,91,94,9,109,91,58
1592921860,96,91,94,9,108,91,63
1592921862,93,89,91,9,110,92,63
1592921863,94,89,91,9,109,92,66
1592921865,98,98,102,9,104,90,47
1592921866,96,100,103,9,101,91,46
1592921868,104,99,101,9,102,92,47
1592921869,104,98,100,9,102,93,47
1592921871,103,97,99,10,104,98,52
1592921872,123,120,122,10,106,23,53
1592921874,123,123,126,9,113,10,73
1592921875,95,93,95,9,112,100,59
1592921877,95,91,94,9,106,5,65
1592921878,96,91,94,9,107,90,64
1592921880,98,93,97,9,107,90,50
1592921881,99,95,98,9,106,90,52
1592921883,97,93,95,9,107,90,54
1592921884,96,92,95,10,108,90,57
1592921886,97,92,95,9,108,90,56
1592921887,97,92,95,9,108,90,58
1592921889,96,91,94,9,108,90,57
1592921890,100,97,100,10,106,93,52
1592921892,101,97,100,9,105,92,48
1592921893,101,96,100,9,105,92,49
1592921895,101,96,98,9,105,90,50
1592921896,101,95,98,10,105,90,51
1592921898,100,95,98,10,105,91,51
1592921899,100,95,98,9,105,91,52
1592921901,100,95,98,9,106,91,52
1592921902,100,95,98,9,106,91,52
1592921904,100,95,98,9,106,90,52
1592921905,99,95,98,10,106,91,52
1592921907,100,95,98,9,106,91,51
1592921908,100,95,99,9,105,91,51
1592921910,101,96,99,9,105,92,50
1592921911,101,96,99,10,104,91,49
1592921913,100,99,101,10,104,90,49
1592921914,98,96,98,9,107,90,57
1592921916,99,94,97,9,107,90,51
1592921917,99,94,96,10,106,90,50
1592921919,100,96,99,9,105,91,49
1592921920,99,97,99,9,105,90,49
1592921922,94,101,104,10,101,1,55
1592921923,100,99,106,9,103,90,50
1592921925,83,92,85,9,99,1,34
1592921926,89,95,90,9,102,90,54
1592921928,101,96,98,10,104,90,49
1592921929,99,98,101,9,104,90,46
1592921931,68,75,67,10,91,91,32
1592921932,46,46,42,9,7,91,27
1592921934,54,58,49,9,90,92,34
1592921935,103,98,102,9,105,90,51
1592921937,102,98,101,9,106,92,56
1592921938,102,99,103,10,105,92,56
1592921940,103,100,103,9,105,92,58
1592921941,103,100,103,9,105,92,57
1592921943,102,99,102,9,106,91,50
1592921944,101,98,53,10,106,91,52
1592921946,97,93,95,9,109,90,58
1592921947,94,90,93,9,109,3,58
1592921949,91,90,90,10,113,8,64
1592921950,103,96,97,9,103,90,54
1592921952,121,120,122,10,106,91,55
1592921953,100,98,101,10,105,90,48
1592921955,101,100,102,9,105,90,47
1592921956,90,93,92,10,100,1,44
1592921958,94,98,99,9,103,90,53
1592921959,100,101,102,10,104,90,55
1592921961,101,101,102,9,104,90,53
1592921962,102,100,103,9,105,91,54
1592921964,102,99,102,10,105,91,52
1592921965,102,100,102,9,105,91,52
1592921967,101,100,103,9,104,91,55
1592921968,94,92,93,9,109,94,47
1592921970,61,58,59,9,106,90,41
1592921971,66,62,64,10,103,92,46
1592921973,66,62,65,9,103,94,47
1592921974,66,62,64,9,104,93,42
1592921976,66,62,63,10,104,92,41
1592921977,65,62,63,10,104,92,41
1592921979,65,62,62,9,105,92,44
1592921980,66,62,63,9,105,92,43
1592921982,65,62,63,10,105,92,43
1592921983,65,61,63,9,106,92,45
1592921985,64,61,62,10,106,93,40
1592921986,64,60,62,9,104,91,46
1592921988,66,62,64,10,106,93,37
1592921989,68,64,66,10,105,94,35
1592921991,68,63,66,9,104,93,36
1592921992,68,63,65,9,105,93,36
1592921994,68,63,65,9,106,94,36
1592921995,67,63,65,9,106,93,37
1592921997,67,64,65,9,106,94,37
1592921998,67,63,65,9,106,94,37
1592922000,67,63,65,9,106,93,37
1592922001,67,65,65,9,106,92,33
1592922003,71,67,69,9,102,92,36
1592922004,68,64,65,10,106,92,37
1592922006,68,64,65,9,106,92,36
1592922007,68,64,66,9,105,93,37
1592922009,69,65,66,9,105,93,37
1592922010,68,64,67,9,105,92,36
1592922012,70,65,67,9,105,92,36
1592922013,69,65,67,9,105,93,36
1592922015,70,65,66,10,105,92,36
1592922016,70,65,66,9,105,93,36
1592922018,70,65,67,9,105,92,36
1592922019,70,64,67,9,104,93,36
1592922021,70,65,67,10,105,93,36
1592922022,70,65,67,9,105,93,36
1592922024,70,65,67,9,105,93,36
1592922025,71,65,67,9,105,92,36
1592922027,71,66,68,9,104,93,35
1592922028,71,65,68,10,104,93,36
1592922030,71,65,68,9,104,93,35
1592922031,72,66,69,9,103,93,34
1592922033,73,68,70,9,101,92,33
1592922034,74,68,70,9,101,92,33
1592922036,74,68,71,10,101,93,34
1592922037,92,89,91,9,104,92,47
1592922039,100,96,98,9,107,93,53
1592922040,101,97,100,9,106,93,50
1592922042,100,99,102,10,104,92,47
1592922043,100,100,105,10,103,91,47
1592922045,100,98,101,9,105,90,48
1592922046,100,98,101,9,105,90,48
1592922048,101,97,101,9,105,91,48
1592922049,100,97,101,9,105,91,48
1592922051,101,97,100,9,106,91,48
1592922052,101,97,100,9,106,91,48
1592922054,101,97,100,9,106,92,48
1592922055,101,97,100,9,105,92,48
1592922057,100,97,100,9,106,91,48
1592922058,101,97,100,10,106,91,49
1592922060,101,97,100,9,106,92,48
1592922061,101,97,100,9,106,92,48
1592922063,101,97,100,9,106,92,48
1592922064,100,97,100,9,106,92,48
1592922066,101,97,100,9,106,92,48
1592922067,100,97,100,9,106,92,48
1592922069,101,98,101,9,105,1,64
1592922070,101,97,101,10,105,1,52
1592922072,101,97,100,10,105,90,49
1592922073,101,97,100,10,105,90,49
1592922075,100,97,100,9,106,90,49
1592922076,101,97,100,9,106,90,50
1592922078,101,97,99,9,106,91,49
1592922079,101,96,100,9,106,91,49
1592922081,100,96,100,9,106,91,49
1592922082,101,96,99,9,106,91,49
1592922084,101,96,99,9,106,91,49
1592922085,101,96,99,9,106,91,49
1592922087,101,96,99,9,106,91,49
1592922088,100,95,98,9,107,91,54
1592922090,98,98,100,9,104,93,50
1592922091,100,95,97,9,106,91,51
1592922093,100,95,98,10,106,90,50
1592922094,100,95,98,9,107,91,49
1592922096,100,95,99,9,107,92,49
1592922097,100,95,97,9,107,92,49
1592922099,100,95,97,9,107,92,49
1592922100,100,95,97,9,108,92,49
1592922102,77,75,75,9,106,92,38
1592922103,62,59,61,9,108,93,44
1592922105,61,59,60,10,108,95,39
1592922106,62,59,61,9,107,94,38
1592922108,63,60,61,9,106,95,40
1592922109,63,60,62,9,105,95,39
1592922111,62,59,61,9,106,95,40
1592922112,63,60,61,9,106,94,39
1592922114,62,60,61,9,106,95,40
1592922115,62,60,61,9,106,95,40
1592922117,62,60,61,9,107,95,40
1592922118,62,60,61,9,106,95,40
1592922120,62,60,61,9,106,95,40
1592922121,62,60,61,9,106,95,41
1592922123,63,60,61,9,107,95,40
1592922124,63,60,62,9,106,94,42
1592922126,59,58,57,9,94,92,23
1592922127,58,58,58,9,95,90,48
1592922129,62,60,62,9,107,91,51
1592922130,63,61,63,9,101,92,42
1592922132,64,62,64,9,104,95,37
1592922133,64,61,62,10,104,95,36
1592922135,64,61,62,9,105,95,36
1592922136,63,60,62,10,107,95,36
1592922138,63,60,62,9,106,95,37
1592922139,64,61,62,9,107,95,37
1592922141,63,61,62,9,106,95,37
1592922142,64,61,62,9,107,96,37
1592922144,64,61,63,9,106,95,37
1592922145,64,61,62,9,106,95,37
1592922147,64,61,63,10,105,96,37
1592922148,64,61,63,9,105,96,37
1592922150,65,62,62,9,105,96,36
1592922151,64,62,63,9,105,97,37
1592922153,65,61,63,9,105,96,36
1592922154,65,62,63,9,105,96,36
1592922156,65,62,63,9,105,96,36
1592922157,66,62,64,9,104,96,35
1592922159,66,62,65,9,104,96,35
1592922160,66,62,64,9,104,96,35
1592922162,66,62,64,9,104,96,35
1592922163,66,62,64,9,104,96,35
1592922165,82,78,80,10,105,94,59
1592922166,102,98,100,9,109,91,50
1592922168,102,97,100,9,107,93,52
1592922169,103,97,100,9,107,94,52
1592922171,104,98,101,9,107,92,51
1592922172,102,98,102,9,106,93,51
1592922174,103,99,101,9,107,93,51
1592922175,102,98,101,9,107,92,51
1592922177,103,98,101,9,106,93,51
1592922178,103,98,101,10,107,93,51
1592922180,103,98,101,9,106,93,51
1592922181,103,98,101,10,107,93,52
1592922183,103,98,100,9,107,93,52
1592922184,103,98,101,9,107,93,52
1592922186,103,98,101,9,107,93,51
1592922187,103,98,101,9,107,92,52
1592922189,103,98,100,10,107,93,51
1592922190,103,97,101,9,107,93,51
1592922192,104,98,101,9,107,93,51
1592922193,103,98,101,9,107,93,51
1592922195,103,98,101,9,107,93,51
1592922196,90,100,97,9,102,93,53
1592922198,100,101,104,9,105,92,50
1592922199,101,97,100,10,106,93,58
1592922201,96,92,93,9,110,91,76
1592922202,96,92,94,10,107,7,55
1592922204,93,91,91,10,110,11,57
1592922205,95,92,93,10,110,10,60
1592922207,95,92,93,10,110,9,60
1592922208,92,91,91,10,110,6,62
1592922210,99,93,95,10,107,4,54
1592922211,98,93,95,9,107,2,60
1592922213,86,90,87,10,101,3,36
1592922214,86,93,88,10,101,2,62
1592922216,105,96,98,9,104,2,64
1592922217,102,95,98,9,105,2,65
1592922219,103,95,98,9,105,2,64
1592922220,101,95,98,9,105,2,64
1592922222,100,95,97,9,106,3,65
1592922223,100,94,96,9,107,2,65
1592922225,97,92,94,10,107,3,52
1592922226,97,94,97,10,105,10,58
1592922228,97,96,98,9,107,8,61
1592922229,98,95,98,10,105,9,56
1592922231,99,94,96,9,104,12,56
1592922232,100,94,96,9,105,6,54
1592922234,101,93,96,9,105,1,57
1592922235,101,93,96,10,105,2,56
1592922237,100,94,96,9,105,5,53
1592922238,99,93,95,9,105,5,53
1592922240,101,95,97,9,104,4,56
1592922241,99,96,100,9,103,6,55
1592922243,99,96,100,9,104,6,56
1592922244,101,95,97,9,104,5,56
1592922246,101,94,97,9,104,4,54
1592922247,102,94,96,10,105,5,55
1592922249,99,94,96,10,106,4,53
1592922250,101,95,99,9,106,90,64
1592922252,101,97,100,9,106,1,54
1592922253,101,98,101,10,105,3,61
1592922255,101,98,100,9,106,3,64
1592922256,101,98,101,9,106,4,61
1592922258,101,99,102,10,106,4,63
1592922259,101,98,101,9,106,2,62
1592922261,100,97,100,10,107,1,55
1592922262,98,94,97,10,106,2,64
1592922264,89,94,95,10,104,3,43
1592922265,71,68,70,9,105,90,38
1592922267,79,75,77,9,106,90,46
1592922268,88,83,85,10,107,2,46
1592922270,87,83,84,9,109,5,56
1592922271,87,84,85,10,110,4,58
1592922273,90,86,87,9,108,2,56
1592922274,90,86,87,10,109,1,57
1592922276,90,86,88,9,108,90,58
1592922277,91,86,87,10,108,90,61
1592922279,92,86,88,9,108,90,61
1592922280,92,86,88,9,108,90,62
1592922282,93,88,91,9,105,91,63
1592922283,92,87,88,10,107,90,64
1592922285,91,86,88,9,108,90,56
1592922286,90,85,87,10,108,90,54
1592922288,90,85,87,10,108,90,55
1592922289,91,86,88,9,107,90,56
1592922291,92,86,88,9,107,91,57
1592922292,92,86,89,9,107,91,57
1592922294,92,86,88,9,107,92,58
1592922295,95,90,91,9,103,93,55
1592922297,96,93,95,9,104,90,58
1592922298,95,90,93,9,106,91,61
1592922300,95,89,92,9,106,91,61
1592922301,95,89,92,10,105,91,61
1592922303,95,89,92,9,106,91,61
1592922304,94,89,91,9,106,92,62
1592922306,95,89,92,9,106,91,61
1592922307,94,89,92,10,106,91,62
1592922309,94,89,91,9,106,92,62
1592922310,94,88,92,9,106,92,61
1592922312,95,89,91,9,106,92,61
1592922313,95,89,92,9,106,92,61
1592922315,95,89,92,9,106,91,61
1592922316,95,89,92,9,106,92,60
1592922318,94,89,92,9,106,91,60
1592922319,95,89,92,10,106,91,61
1592922321,95,89,92,9,106,91,60
1592922322,95,89,92,9,106,91,60
1592922324,94,90,93,9,108,2,56
1592922325,94,90,93,10,106,90,58
1592922327,93,87,90,9,107,4,55
1592922328,91,89,91,9,102,3,34
1592922330,82,88,86,10,96,93,47
1592922331,19,35,30,10,95,93,30
