Watching TV in a "paint me like one of your French ladies" pose
Epoch, TOF_1, TOF_2, TOF_3, Accel, Yaw, Pitch, LDR 
1592923701,178,180,185,10,93,95,101
1592923702,255,255,255,9,98,90,94
1592923704,255,255,255,10,92,90,101
1592923705,255,255,255,9,92,12,81
1592923707,255,255,255,9,91,6,86
1592923708,255,255,255,9,92,3,83
1592923710,255,255,255,9,92,3,85
1592923711,255,255,255,9,91,1,85
1592923713,255,255,255,9,91,2,84
1592923714,255,255,255,9,2,2,107
1592923716,236,255,255,10,5,2,88
1592923717,255,255,255,10,93,5,91
1592923719,255,255,255,9,90,7,85
1592923720,255,255,255,10,91,6,85
1592923722,255,255,255,10,91,5,84
1592923723,255,255,255,9,91,5,85
1592923725,255,255,255,9,91,5,83
1592923726,255,255,255,9,91,5,84
1592923728,255,255,255,10,90,5,83
1592923729,255,255,255,9,92,4,83
1592923731,255,255,255,9,92,1,79
1592923732,255,255,255,9,92,1,80
1592923734,255,255,255,9,91,4,94
1592923735,255,255,242,9,95,10,82
1592923737,255,255,255,9,1,14,105
1592923738,255,255,255,9,91,15,80
1592923740,255,255,255,10,94,13,81
1592923741,255,255,255,10,93,12,80
1592923743,255,255,255,10,93,13,80
1592923744,255,255,255,10,94,13,79
1592923746,255,255,255,10,94,12,80
1592923747,255,255,255,9,94,13,79
1592923749,255,255,255,10,94,12,80
1592923750,255,255,255,10,94,12,78
1592923752,255,255,255,10,94,12,79
1592923753,255,255,255,9,94,12,78
1592923755,255,255,255,10,94,12,79
1592923756,255,255,255,10,94,12,78
1592923758,255,255,255,10,94,12,79
1592923759,255,255,255,10,94,12,78
1592923761,255,255,255,10,94,12,77
1592923762,255,255,255,9,94,10,79
1592923764,255,255,255,10,94,11,100
1592923765,255,255,255,9,92,4,131
1592923767,255,255,255,10,95,97,103
1592923768,255,255,255,9,96,103,102
1592923770,255,255,255,10,91,101,123
1592923771,255,255,255,9,90,94,142
1592923773,255,255,255,9,2,3,144
1592923774,255,255,255,9,9,1,151
1592923776,255,255,255,9,1,4,149
1592923777,255,255,255,10,2,2,166
1592923779,255,255,255,10,93,92,142
1592923780,216,220,204,10,90,97,145
1592923782,255,255,255,9,92,95,138
1592923783,255,255,255,9,93,93,139
1592923785,255,255,255,10,4,1,13
1592923786,255,255,255,9,5,90,8
1592923788,181,183,179,9,10,96,5
1592923789,232,236,236,10,16,93,11
1592923791,255,255,255,9,9,90,14
1592923792,218,224,213,9,18,93,12
1592923794,54,30,32,9,20,96,12
1592923795,45,42,37,9,21,98,11
1592923797,45,29,28,9,20,101,11
1592923798,50,43,30,9,20,102,11
1592923800,51,47,29,9,20,103,11
1592923801,49,37,32,9,20,104,9
1592923803,46,33,32,9,20,105,9
1592923804,46,33,32,9,20,105,10
1592923806,47,32,32,9,20,105,10
1592923807,54,37,29,9,21,106,9
1592923809,56,36,28,9,21,106,9
1592923810,54,33,28,9,21,106,9
1592923812,54,33,28,9,21,106,9
1592923804,54,33,29,9,21,106,10
1592923805,62,64,73,10,16,104,9
1592923807,255,255,255,10,91,94,8
1592923808,255,255,255,10,90,93,11
1592923810,255,255,255,9,90,90,11
1592923811,255,255,255,9,1,92,11
1592923813,181,219,211,10,9,93,16
1592923814,62,82,109,10,14,90,14
1592923816,92,92,60,10,10,101,9
1592923817,130,194,90,9,8,101,9
1592923819,220,255,251,9,4,99,8
1592923820,227,255,178,10,4,98,10
1592923822,255,255,255,9,90,8,12
1592923823,255,255,255,10,93,90,9
1592923825,255,255,255,9,93,93,9
1592923826,255,255,255,9,93,93,9
1592923828,255,255,255,10,92,93,9
1592923829,255,255,255,10,3,90,12
1592923831,169,217,192,10,23,17,9
1592923832,65,79,61,10,21,25,31
1592923834,36,46,33,10,20,22,31
1592923835,185,255,245,9,11,16,27
1592923837,255,255,176,9,7,12,24
1592923838,255,255,255,10,1,11,21
1592923840,255,255,255,9,90,10,21
1592923841,255,255,255,9,1,11,21
1592923843,255,255,255,10,1,11,22
1592923844,255,255,255,10,1,10,21
1592923846,255,255,255,9,1,10,21
1592923847,255,255,255,9,2,10,21
1592923849,255,255,255,10,2,11,22
1592923850,255,255,255,9,1,10,21
1592923852,255,255,255,10,2,10,21
1592923853,255,255,255,10,2,10,21
1592923855,255,255,255,9,2,10,21
1592923856,255,255,255,9,90,6,17
1592923858,255,255,255,10,1,6,17
1592923859,255,255,255,9,90,6,17
1592923861,255,255,255,9,1,6,17
1592923862,255,255,255,9,1,6,18
1592923864,255,255,255,9,90,6,17
1592923865,255,255,255,9,1,6,17
1592923867,255,255,255,9,90,6,17
1592923868,255,255,255,9,1,6,17
1592923870,255,255,255,9,1,5,17
1592923871,255,255,255,9,1,6,17
1592923873,255,255,255,10,1,6,17
1592923874,255,255,255,9,1,6,17
1592923876,255,255,255,9,90,7,18
1592923877,255,255,255,9,90,6,18
1592923879,255,255,255,9,90,6,18
1592923880,255,255,255,10,15,23,34
1592923882,255,255,252,9,2,10,18
1592923883,255,255,56,9,1,8,18
1592923885,255,255,50,9,1,8,18
1592923886,255,255,46,9,1,7,18
1592923888,255,255,40,9,1,5,17
1592923889,255,255,41,9,1,6,17
1592923891,255,255,40,9,1,6,17
1592923892,255,255,40,9,1,6,17
1592923894,255,255,41,9,1,6,17
1592923895,255,255,41,9,1,6,17
1592923897,255,255,41,9,1,6,17
1592923898,255,255,41,9,1,6,17
1592923900,255,255,40,9,1,6,17
1592923901,255,255,41,10,1,6,17
1592923903,255,255,41,10,1,6,17
1592923904,255,255,41,10,1,7,17
1592923906,255,255,40,9,1,7,17
1592923907,255,255,41,9,1,7,17
1592923909,255,255,41,9,1,6,17
1592923910,255,255,40,9,1,6,17
1592923912,255,255,41,9,1,6,17
1592923913,255,255,41,9,1,6,17
1592923915,255,255,41,10,2,6,17
1592923916,255,255,41,9,1,6,17
1592923918,255,255,40,9,1,6,17
1592923919,255,255,40,9,1,6,17
1592923921,255,255,41,9,1,6,17
1592923922,255,255,41,10,1,6,17
1592923924,255,255,41,9,1,6,17
1592923925,255,255,40,10,2,5,17
1592923927,255,255,255,9,90,6,17
1592923928,255,255,255,9,93,90,11
1592923930,255,255,255,10,94,95,10
1592923931,255,255,255,9,93,96,11
1592923933,255,255,255,9,93,96,10
1592923934,255,255,255,9,93,97,10
1592923936,255,255,255,9,93,97,10
1592923937,255,255,255,9,93,98,10
1592923939,255,255,255,9,93,97,9
1592923940,255,255,255,9,93,97,9
1592923942,255,255,255,9,93,98,9
1592923943,255,255,255,9,93,98,9
1592923945,255,255,255,9,93,97,9
1592923946,255,255,255,9,93,98,9
1592923948,255,255,255,9,93,98,9
1592923949,255,255,99,9,93,98,9
1592923951,255,255,255,9,93,98,10
1592923952,255,255,255,10,91,92,12
1592923954,255,255,255,9,92,94,11
1592923955,255,255,255,9,92,95,11
1592923957,255,255,255,9,93,95,11
1592923958,255,255,255,9,93,96,11
1592923960,255,255,255,9,93,96,11
1592923961,255,255,255,9,93,96,11
1592923963,255,255,255,9,93,96,11
1592923964,255,255,255,9,93,96,10
1592923966,255,255,255,9,93,96,10
1592923967,255,255,255,9,93,97,10
1592923969,255,255,255,10,93,97,10
1592923970,255,255,255,9,92,97,11
1592923972,255,255,255,9,93,97,10
1592923973,255,255,255,9,92,97,10
1592923975,255,255,255,9,92,97,10
1592923976,255,255,255,9,93,97,10
1592923978,255,255,255,9,93,97,10
1592923979,255,255,255,9,92,97,10
1592923981,255,255,255,9,93,97,10
1592923982,255,255,255,9,92,98,10
1592923984,255,255,255,9,92,97,11
1592923985,217,255,166,10,7,1,22
1592923987,255,255,111,9,5,6,17
1592923988,255,255,41,9,5,5,16
1592923990,255,255,40,9,4,4,16
1592923991,255,255,40,9,5,4,16
1592923993,255,255,40,9,5,4,16
1592923994,233,255,39,9,5,4,16
1592923996,223,255,39,9,5,3,16
1592923997,224,255,40,9,5,4,16
1592923999,214,255,39,10,5,3,16
1592924000,255,255,166,10,4,5,20
1592924002,255,255,255,10,91,7,16
1592924003,255,255,255,9,96,7,16
1592924005,255,255,255,9,95,7,16
1592924006,255,255,255,9,94,7,18
1592924008,255,255,255,9,93,9,15
1592924009,255,255,255,9,102,90,11
1592924011,255,255,255,10,92,4,24
1592924012,255,255,255,9,93,11,19
1592924014,177,175,174,10,6,5,26
1592924015,28,25,25,10,11,1,22
1592924017,255,255,255,10,93,6,18
1592924018,255,255,255,9,91,9,20
1592924020,255,255,255,9,91,8,20
1592924021,255,255,255,9,91,7,19
1592924023,255,255,255,9,91,8,19
1592924024,255,255,255,9,91,7,19
1592924026,255,255,255,10,91,6,19
1592924027,255,255,255,9,91,6,18
1592924029,255,255,255,9,92,6,18
1592924030,255,255,255,10,91,6,18
1592924032,255,255,255,9,91,6,18
1592924033,255,255,255,9,91,6,18
1592924035,255,255,255,9,92,6,18
1592924036,255,255,255,9,91,6,18
1592924038,255,255,255,10,91,5,18
1592924039,255,255,255,9,91,6,18
1592924041,255,255,255,10,92,5,17
1592924042,255,255,255,9,91,5,17
1592924044,255,255,255,9,90,8,22
1592924045,223,48,102,10,10,17,24
1592924047,37,45,255,10,4,11,24
1592924048,34,142,255,9,3,10,23
1592924050,35,192,255,9,3,9,22
1592924051,34,255,255,9,2,8,22
1592924053,104,255,255,10,1,9,18
1592924054,255,255,255,9,101,90,12
1592924056,255,255,255,9,98,1,13
1592924057,255,255,255,9,98,1,13
1592924059,255,255,255,9,98,90,13
1592924060,255,255,255,9,98,90,12
1592924062,255,255,255,9,98,90,13
1592924063,255,255,255,9,98,90,12
1592924065,255,255,255,9,98,90,13
1592924066,255,255,255,9,98,90,13
1592924068,255,255,255,9,98,90,13
1592924069,255,255,255,9,98,90,13
1592924071,255,255,255,9,98,90,13
1592924072,255,255,255,9,97,90,13
1592924074,255,255,255,9,98,90,12
1592924075,255,255,255,9,97,90,12
1592924077,255,254,251,10,91,2,19
1592924078,26,24,22,10,11,90,17
1592924080,255,255,255,9,98,5,14
1592924081,255,255,255,9,96,5,16
1592924083,255,255,255,9,95,6,17
1592924084,255,255,255,9,94,7,17
1592924086,255,255,255,9,93,5,17
1592924087,27,26,23,10,9,93,17
1592924089,27,27,22,9,6,96,14
1592924090,33,28,23,9,5,98,13
1592924092,161,233,148,10,3,96,12
1592924093,255,255,255,9,90,90,9
1592924095,255,255,255,10,2,122,4
1592924096,255,255,255,9,4,96,9
1592924098,255,255,255,9,3,90,9
1592924099,255,255,255,9,2,90,11
1592924101,82,81,82,10,91,94,6
